start-time = 2011-05-15T22:37:51.429857
stop-time = 2011-05-15T22:37:51.667660
