start-time = 2011-05-15T22:37:51.718953
stop-time = 2011-05-15T22:37:51.837785
