start-time = 2011-05-15T22:37:51.878296
stop-time = 2011-05-15T22:37:52.006083
